1.815159916877746582e+00 1.815159916877746582e+00 3.692179870605468750e+02 2.809824466705322266e+00 0.000000000000000000e+00 1.500158786773681641e+00
4.350790977478027344e-01 4.350790977478027344e-01 2.517657958984375000e+03 6.274303436279296875e+00 0.000000000000000000e+00 2.370439618825912476e-01
4.059149622917175293e-01 4.059149622917175293e-01 2.805626708984375000e+03 6.396694660186767578e+00 0.000000000000000000e+00 2.245602011680603027e-01
4.090045094490051270e-01 4.090045094490051270e-01 2.764295654296875000e+03 6.376286029815673828e+00 0.000000000000000000e+00 2.224395275115966797e-01
3.734066188335418701e-01 3.734066188335418701e-01 2.896065185546875000e+03 6.512294769287109375e+00 0.000000000000000000e+00 2.061624079942703247e-01
3.572067320346832275e-01 3.572067320346832275e-01 2.895666015625000000e+03 6.578544139862060547e+00 0.000000000000000000e+00 1.964435130357742310e-01
3.633998036384582520e-01 3.633998036384582520e-01 2.735760986328125000e+03 6.441641807556152344e+00 0.000000000000000000e+00 2.030611187219619751e-01
3.522243201732635498e-01 3.522243201732635498e-01 2.910360351562500000e+03 6.586253643035888672e+00 0.000000000000000000e+00 1.977530717849731445e-01
3.401767313480377197e-01 3.401767313480377197e-01 2.919882812500000000e+03 6.616756916046142578e+00 0.000000000000000000e+00 1.882270723581314087e-01
3.326147496700286865e-01 3.326147496700286865e-01 2.859207763671875000e+03 6.593375682830810547e+00 0.000000000000000000e+00 1.842598468065261841e-01
3.412908315658569336e-01 3.412908315658569336e-01 2.879999511718750000e+03 6.565899372100830078e+00 0.000000000000000000e+00 1.813351511955261230e-01
3.256330788135528564e-01 3.256330788135528564e-01 2.878479248046875000e+03 6.624407768249511719e+00 0.000000000000000000e+00 1.773093193769454956e-01
3.340731859207153320e-01 3.340731859207153320e-01 2.823264892578125000e+03 6.513057231903076172e+00 0.000000000000000000e+00 1.798746883869171143e-01
3.073747754096984863e-01 3.073747754096984863e-01 2.995436035156250000e+03 6.681657314300537109e+00 0.000000000000000000e+00 1.634128093719482422e-01
3.078017830848693848e-01 3.078017830848693848e-01 2.967398437500000000e+03 6.650661468505859375e+00 0.000000000000000000e+00 1.622034460306167603e-01
2.896905243396759033e-01 2.896905243396759033e-01 2.982536132812500000e+03 6.678030967712402344e+00 0.000000000000000000e+00 1.546585261821746826e-01
2.905617356300354004e-01 2.905617356300354004e-01 2.950693603515625000e+03 6.663361549377441406e+00 0.000000000000000000e+00 1.467939317226409912e-01
2.607574462890625000e-01 2.607574462890625000e-01 3.170332275390625000e+03 6.801956653594970703e+00 0.000000000000000000e+00 1.300126016139984131e-01
2.558411955833435059e-01 2.558411955833435059e-01 3.019677246093750000e+03 6.707246780395507812e+00 0.000000000000000000e+00 1.284088492393493652e-01
2.410960495471954346e-01 2.410960495471954346e-01 3.249245849609375000e+03 6.837312221527099609e+00 0.000000000000000000e+00 1.135834082961082458e-01
2.666742205619812012e-01 2.666742205619812012e-01 3.034991699218750000e+03 6.626477718353271484e+00 0.000000000000000000e+00 1.342014372348785400e-01
2.236166000366210938e-01 2.236166000366210938e-01 3.351960449218750000e+03 6.857081890106201172e+00 0.000000000000000000e+00 1.071354895830154419e-01
1.474038958549499512e-01 1.474038958549499512e-01 3.771925292968750000e+03 7.146138191223144531e+00 0.000000000000000000e+00 7.549338787794113159e-02
7.444161176681518555e-02 7.444161176681518555e-02 4.304751464843750000e+03 7.475834846496582031e+00 0.000000000000000000e+00 3.024023212492465973e-02
4.349152743816375732e-02 4.349152743816375732e-02 4.796228515625000000e+03 7.694894313812255859e+00 0.000000000000000000e+00 1.614324003458023071e-02
2.209833264350891113e-02 2.209833264350891113e-02 5.145262695312500000e+03 7.824951171875000000e+00 0.000000000000000000e+00 6.808234844356775284e-03
1.064633857458829880e-02 1.064633857458829880e-02 5.400813964843750000e+03 7.913578033447265625e+00 0.000000000000000000e+00 3.345612436532974243e-03
6.654954049736261368e-03 6.654954049736261368e-03 5.501146484375000000e+03 7.949356555938720703e+00 0.000000000000000000e+00 2.370633883401751518e-03
5.893112160265445709e-03 5.893112160265445709e-03 5.544790527343750000e+03 7.953582286834716797e+00 0.000000000000000000e+00 2.053160918876528740e-03
5.810900125652551651e-03 5.810900125652551651e-03 5.562630859375000000e+03 7.962306976318359375e+00 0.000000000000000000e+00 2.010363852605223656e-03
1.013640221208333969e-02 1.013640221208333969e-02 5.552013183593750000e+03 7.945686817169189453e+00 0.000000000000000000e+00 4.377522505819797516e-03
1.962588541209697723e-02 1.962588541209697723e-02 5.501981933593750000e+03 7.915500640869140625e+00 0.000000000000000000e+00 6.750604603439569473e-03
7.539230864495038986e-03 7.539230864495038986e-03 5.568645019531250000e+03 7.933943748474121094e+00 0.000000000000000000e+00 1.627606223337352276e-03
2.305078553035855293e-03 2.305078553035855293e-03 5.619861328125000000e+03 7.977729797363281250e+00 0.000000000000000000e+00 6.121461628936231136e-04
2.478151349350810051e-03 2.478151349350810051e-03 5.636613281250000000e+03 7.981711387634277344e+00 0.000000000000000000e+00 7.574717164970934391e-04
1.748873037286102772e-03 1.748873037286102772e-03 5.649410156250000000e+03 7.984214305877685547e+00 0.000000000000000000e+00 4.137168871238827705e-04
2.163059078156948090e-03 2.163059078156948090e-03 5.654165527343750000e+03 7.984936237335205078e+00 0.000000000000000000e+00 7.429482066072523594e-04
2.047154121100902557e-03 2.047154121100902557e-03 5.657696777343750000e+03 7.985028266906738281e+00 0.000000000000000000e+00 5.851272144354879856e-04
2.082183258607983589e-03 2.082183258607983589e-03 5.662471679687500000e+03 7.986345767974853516e+00 0.000000000000000000e+00 6.313711055554449558e-04
2.367632929235696793e-03 2.367632929235696793e-03 5.665797851562500000e+03 7.986026287078857422e+00 0.000000000000000000e+00 8.895813953131437302e-04
1.134405750781297684e-02 1.134405750781297684e-02 5.591612304687500000e+03 7.943089008331298828e+00 0.000000000000000000e+00 3.929359372705221176e-03
2.599693601951003075e-03 2.599693601951003075e-03 5.669629882812500000e+03 7.983954429626464844e+00 0.000000000000000000e+00 9.713853942230343819e-04
1.354558859020471573e-03 1.354558859020471573e-03 5.681783691406250000e+03 7.990557670593261719e+00 0.000000000000000000e+00 3.307916922494769096e-04
1.757216872647404671e-03 1.757216872647404671e-03 5.683753906250000000e+03 7.989859104156494141e+00 0.000000000000000000e+00 6.974380812607705593e-04
1.649096724577248096e-03 1.649096724577248096e-03 5.688998046875000000e+03 7.990103721618652344e+00 0.000000000000000000e+00 4.609254247043281794e-04
2.096304204314947128e-03 2.096304204314947128e-03 5.692003906250000000e+03 7.993259429931640625e+00 0.000000000000000000e+00 7.514536264352500439e-04
8.574784547090530396e-02 8.574784547090530396e-02 5.037391113281250000e+03 7.585458278656005859e+00 0.000000000000000000e+00 2.998230792582035065e-02
5.078864749521017075e-03 5.078864749521017075e-03 5.637426269531250000e+03 7.962284088134765625e+00 0.000000000000000000e+00 1.334792235866189003e-03
1.908122445456683636e-03 1.908122445456683636e-03 5.666115234375000000e+03 7.985039234161376953e+00 0.000000000000000000e+00 5.772577715106308460e-04
1.417496940121054649e-03 1.417496940121054649e-03 5.679898925781250000e+03 7.988879680633544922e+00 0.000000000000000000e+00 3.468478098511695862e-04
9.961585747078061104e-04 9.961585747078061104e-04 5.688159179687500000e+03 7.990818500518798828e+00 0.000000000000000000e+00 2.588290954008698463e-04
1.211058348417282104e-03 1.211058348417282104e-03 5.690810058593750000e+03 7.991649627685546875e+00 0.000000000000000000e+00 4.269669589120894670e-04
1.320709474384784698e-03 1.320709474384784698e-03 5.698406738281250000e+03 7.991764068603515625e+00 0.000000000000000000e+00 4.409836255945265293e-04
1.245643827132880688e-03 1.245643827132880688e-03 5.696040039062500000e+03 7.991469860076904297e+00 0.000000000000000000e+00 3.244149556849151850e-04
1.390050747431814671e-03 1.390050747431814671e-03 5.702448730468750000e+03 7.991511821746826172e+00 0.000000000000000000e+00 3.427618939895182848e-04
7.764192996546626091e-04 7.764192996546626091e-04 5.704120117187500000e+03 7.993248462677001953e+00 0.000000000000000000e+00 2.486830344423651695e-04
1.277462928555905819e-03 1.277462928555905819e-03 5.703220214843750000e+03 7.992611408233642578e+00 0.000000000000000000e+00 5.248677334748208523e-04
2.445467282086610794e-03 2.445467282086610794e-03 5.691640625000000000e+03 7.986595153808593750e+00 0.000000000000000000e+00 7.581847603432834148e-04
5.569888744503259659e-03 5.569888744503259659e-03 5.663462402343750000e+03 7.970000743865966797e+00 0.000000000000000000e+00 2.191050909459590912e-03
1.549717783927917480e-02 1.549717783927917480e-02 5.591831054687500000e+03 7.925287723541259766e+00 0.000000000000000000e+00 5.352167412638664246e-03
1.690517761744558811e-03 1.690517761744558811e-03 5.702133789062500000e+03 7.990546226501464844e+00 0.000000000000000000e+00 5.890128086321055889e-04
7.685804739594459534e-04 7.685804739594459534e-04 5.707319824218750000e+03 7.993788719177246094e+00 0.000000000000000000e+00 2.599835861474275589e-04
6.656283512711524963e-04 6.656283512711524963e-04 5.707330078125000000e+03 7.995954036712646484e+00 0.000000000000000000e+00 2.353281888645142317e-04
8.167222258634865284e-04 8.167222258634865284e-04 5.708587890625000000e+03 7.994914054870605469e+00 0.000000000000000000e+00 3.208614944014698267e-04
9.314434719271957874e-04 9.314434719271957874e-04 5.707192382812500000e+03 7.992959499359130859e+00 0.000000000000000000e+00 3.941735776606947184e-04
9.097722359001636505e-04 9.097722359001636505e-04 5.710846191406250000e+03 7.996443748474121094e+00 0.000000000000000000e+00 3.821444115601480007e-04
1.750036724843084812e-03 1.750036724843084812e-03 5.703184570312500000e+03 7.990890979766845703e+00 0.000000000000000000e+00 6.696524214930832386e-04
1.514786272309720516e-03 1.514786272309720516e-03 5.700364257812500000e+03 7.988532066345214844e+00 0.000000000000000000e+00 5.920193507336080074e-04
1.320049166679382324e-02 1.320049166679382324e-02 5.604125976562500000e+03 7.936954021453857422e+00 0.000000000000000000e+00 5.545706022530794144e-03
2.650226233527064323e-03 2.650226233527064323e-03 5.710293945312500000e+03 7.990614414215087891e+00 0.000000000000000000e+00 7.951625157147645950e-04
6.428570486605167389e-04 6.428570486605167389e-04 5.710786132812500000e+03 7.993595600128173828e+00 0.000000000000000000e+00 1.935033069457858801e-04
4.114787734579294920e-04 4.114787734579294920e-04 5.716401367187500000e+03 7.997215270996093750e+00 0.000000000000000000e+00 1.506849366705864668e-04
5.176291451789438725e-04 5.176291451789438725e-04 5.713619628906250000e+03 7.997105121612548828e+00 0.000000000000000000e+00 1.757089921738952398e-04
9.362421697005629539e-04 9.362421697005629539e-04 5.710320800781250000e+03 7.993835449218750000e+00 0.000000000000000000e+00 4.262446600478142500e-04
4.550251644104719162e-03 4.550251644104719162e-03 5.685371093750000000e+03 7.978961944580078125e+00 0.000000000000000000e+00 1.826467108912765980e-03
1.028801896609365940e-03 1.028801896609365940e-03 5.711689941406250000e+03 7.994375228881835938e+00 0.000000000000000000e+00 4.277574771549552679e-04
8.045518188737332821e-04 8.045518188737332821e-04 5.713342285156250000e+03 7.995308876037597656e+00 0.000000000000000000e+00 3.161078202538192272e-04
6.897688843309879303e-03 6.897688843309879303e-03 5.663574707031250000e+03 7.964269161224365234e+00 0.000000000000000000e+00 3.146986477077007294e-03
1.831467612646520138e-03 1.831467612646520138e-03 5.710542480468750000e+03 7.991914272308349609e+00 0.000000000000000000e+00 7.196502992883324623e-04
5.329785053618252277e-04 5.329785053618252277e-04 5.715983886718750000e+03 7.997854232788085938e+00 0.000000000000000000e+00 1.470578281441703439e-04
1.104383612982928753e-03 1.104383612982928753e-03 5.709428222656250000e+03 7.992604255676269531e+00 0.000000000000000000e+00 4.424321814440190792e-04
1.457129488699138165e-03 1.457129488699138165e-03 5.702691406250000000e+03 7.990141391754150391e+00 0.000000000000000000e+00 5.463514826260507107e-04
4.165176767855882645e-03 4.165176767855882645e-03 5.694330078125000000e+03 7.980026245117187500e+00 0.000000000000000000e+00 1.725543290376663208e-03
1.250149449333548546e-03 1.250149449333548546e-03 5.709839355468750000e+03 7.995825767517089844e+00 0.000000000000000000e+00 5.137372645549476147e-04
3.601135220378637314e-03 3.601135220378637314e-03 5.691586914062500000e+03 7.982223987579345703e+00 0.000000000000000000e+00 1.696993596851825714e-03
2.050249837338924408e-03 2.050249837338924408e-03 5.697160644531250000e+03 7.987830162048339844e+00 0.000000000000000000e+00 8.761443896219134331e-04
4.459283954929560423e-04 4.459283954929560423e-04 5.717901855468750000e+03 7.997553348541259766e+00 0.000000000000000000e+00 1.552237517898902297e-04
1.318011782132089138e-03 1.318011782132089138e-03 5.706773925781250000e+03 7.991573333740234375e+00 0.000000000000000000e+00 3.927967627532780170e-04
5.113230436109006405e-04 5.113230436109006405e-04 5.718146484375000000e+03 7.997950077056884766e+00 0.000000000000000000e+00 1.775456621544435620e-04
3.091822611168026924e-03 3.091822611168026924e-03 5.695856933593750000e+03 7.984137535095214844e+00 0.000000000000000000e+00 9.625580860301852226e-04
1.723992521874606609e-03 1.723992521874606609e-03 5.711788574218750000e+03 7.992098808288574219e+00 0.000000000000000000e+00 6.762039847671985626e-04
1.820711302570998669e-03 1.820711302570998669e-03 5.705524902343750000e+03 7.990518093109130859e+00 0.000000000000000000e+00 6.454237736761569977e-04
5.961197311989963055e-04 5.961197311989963055e-04 5.715104003906250000e+03 7.995641708374023438e+00 0.000000000000000000e+00 1.968568831216543913e-04
9.305872372351586819e-04 9.305872372351586819e-04 5.712542480468750000e+03 7.994704246520996094e+00 0.000000000000000000e+00 3.442302113398909569e-04
1.547871273942291737e-03 1.547871273942291737e-03 5.708067871093750000e+03 7.991472721099853516e+00 0.000000000000000000e+00 4.542290116660296917e-04
1.778873964212834835e-03 1.778873964212834835e-03 5.705348144531250000e+03 7.991185665130615234e+00 0.000000000000000000e+00 7.023605285212397575e-04
2.290277043357491493e-03 2.290277043357491493e-03 5.700926757812500000e+03 7.986843109130859375e+00 0.000000000000000000e+00 9.440936846658587456e-04
1.072487793862819672e-03 1.072487793862819672e-03 5.714428222656250000e+03 7.995380401611328125e+00 0.000000000000000000e+00 3.226317639928311110e-04
1.889221486635506153e-03 1.889221486635506153e-03 5.702968261718750000e+03 7.989733695983886719e+00 0.000000000000000000e+00 6.812598439864814281e-04
1.893890090286731720e-03 1.893890090286731720e-03 5.704304687500000000e+03 7.990790843963623047e+00 0.000000000000000000e+00 9.525433415547013283e-04
1.115927298087626696e-04 1.115927298087626696e-04 5.720315917968750000e+03 7.998531341552734375e+00 0.000000000000000000e+00 2.570421384007204324e-05
5.946842065895907581e-05 5.946842065895907581e-05 5.721126953125000000e+03 7.999199390411376953e+00 0.000000000000000000e+00 1.546695784782059491e-05
5.456214421428740025e-05 5.456214421428740025e-05 5.721904785156250000e+03 7.999462604522705078e+00 0.000000000000000000e+00 1.650052581680938601e-05
5.598129791906103492e-05 5.598129791906103492e-05 5.722211425781250000e+03 7.999508857727050781e+00 0.000000000000000000e+00 1.662592694628983736e-05
6.446008046623319387e-05 6.446008046623319387e-05 5.721812988281250000e+03 7.999332427978515625e+00 0.000000000000000000e+00 1.851462184276897460e-05
5.467168375616893172e-05 5.467168375616893172e-05 5.722921386718750000e+03 7.999673843383789062e+00 0.000000000000000000e+00 1.697291736491024494e-05
5.371150837163440883e-05 5.371150837163440883e-05 5.722168945312500000e+03 7.999480247497558594e+00 0.000000000000000000e+00 1.446274291083682328e-05
6.028105053701438010e-05 6.028105053701438010e-05 5.722830078125000000e+03 7.999644756317138672e+00 0.000000000000000000e+00 1.766752393450587988e-05
7.711686339462175965e-05 7.711686339462175965e-05 5.722013183593750000e+03 7.999045372009277344e+00 0.000000000000000000e+00 2.844542723323684186e-05
7.343805918935686350e-05 7.343805918935686350e-05 5.722819335937500000e+03 7.999793052673339844e+00 0.000000000000000000e+00 2.669799505383707583e-05
5.504837099579162896e-05 5.504837099579162896e-05 5.722949707031250000e+03 7.999429702758789062e+00 0.000000000000000000e+00 1.764056105457711965e-05
9.843942098086699843e-05 9.843942098086699843e-05 5.722192382812500000e+03 7.999369144439697266e+00 0.000000000000000000e+00 2.549813325458671898e-05
7.667305908398702741e-05 7.667305908398702741e-05 5.722860351562500000e+03 7.999433040618896484e+00 0.000000000000000000e+00 2.093141119985375553e-05
1.453297154512256384e-04 1.453297154512256384e-04 5.722530273437500000e+03 7.999231815338134766e+00 0.000000000000000000e+00 3.872959860018454492e-05
2.038478414760902524e-04 2.038478414760902524e-04 5.721559570312500000e+03 7.998345375061035156e+00 0.000000000000000000e+00 6.297737127169966698e-05
1.899196417070925236e-03 1.899196417070925236e-03 5.704220703125000000e+03 7.990729331970214844e+00 0.000000000000000000e+00 9.993083076551556587e-04
2.278618194395676255e-04 2.278618194395676255e-04 5.723245117187500000e+03 7.998922348022460938e+00 0.000000000000000000e+00 5.551826689043082297e-05
1.959827786777168512e-04 1.959827786777168512e-04 5.721605957031250000e+03 7.998923301696777344e+00 0.000000000000000000e+00 3.416798426769673824e-05
2.844104019459336996e-04 2.844104019459336996e-04 5.721746093750000000e+03 7.998162746429443359e+00 0.000000000000000000e+00 7.442384958267211914e-05
5.088915349915623665e-04 5.088915349915623665e-04 5.718603515625000000e+03 7.997981071472167969e+00 0.000000000000000000e+00 1.174366916529834270e-04
5.489795003086328506e-04 5.489795003086328506e-04 5.718854003906250000e+03 7.996400833129882812e+00 0.000000000000000000e+00 8.860581874614581466e-05
3.753956989385187626e-04 3.753956989385187626e-04 5.720473144531250000e+03 7.997482776641845703e+00 0.000000000000000000e+00 1.242321595782414079e-04
2.101061865687370300e-03 2.101061865687370300e-03 5.699528808593750000e+03 7.989123821258544922e+00 0.000000000000000000e+00 1.235884847119450569e-03
1.956564374268054962e-04 1.956564374268054962e-04 5.723308593750000000e+03 7.999743461608886719e+00 0.000000000000000000e+00 6.027203926350921392e-05
2.885487047024071217e-04 2.885487047024071217e-04 5.720410644531250000e+03 7.997854232788085938e+00 0.000000000000000000e+00 5.745140151702798903e-05
2.057209057966247201e-04 2.057209057966247201e-04 5.722375976562500000e+03 7.999392032623291016e+00 0.000000000000000000e+00 5.071188570582307875e-05
5.447949515655636787e-04 5.447949515655636787e-04 5.717060058593750000e+03 7.996100902557373047e+00 0.000000000000000000e+00 1.041743234964087605e-04
5.053744534961879253e-04 5.053744534961879253e-04 5.720754882812500000e+03 7.997601509094238281e+00 0.000000000000000000e+00 1.691557699814438820e-04
1.891432330012321472e-04 1.891432330012321472e-04 5.721918945312500000e+03 7.999241828918457031e+00 0.000000000000000000e+00 4.635368895833380520e-05
4.067478585056960583e-04 4.067478585056960583e-04 5.719702148437500000e+03 7.998080730438232422e+00 0.000000000000000000e+00 1.041558571159839630e-04
9.358314564451575279e-04 9.358314564451575279e-04 5.713639160156250000e+03 7.994792461395263672e+00 0.000000000000000000e+00 4.644652071874588728e-04
1.704039605101570487e-04 1.704039605101570487e-04 5.721932617187500000e+03 7.998808860778808594e+00 0.000000000000000000e+00 4.459545743884518743e-05
1.813645212678238750e-04 1.813645212678238750e-04 5.722281738281250000e+03 7.998813629150390625e+00 0.000000000000000000e+00 4.065223401994444430e-05
5.870866007171571255e-04 5.870866007171571255e-04 5.717944335937500000e+03 7.997165203094482422e+00 0.000000000000000000e+00 1.838977768784388900e-04
2.044547873083502054e-04 2.044547873083502054e-04 5.721798339843750000e+03 7.998474597930908203e+00 0.000000000000000000e+00 6.266185664571821690e-05
8.109445334412157536e-04 8.109445334412157536e-04 5.717028320312500000e+03 7.994796752929687500e+00 0.000000000000000000e+00 1.436173333786427975e-04
4.600695392582565546e-04 4.600695392582565546e-04 5.720005371093750000e+03 7.998772144317626953e+00 0.000000000000000000e+00 1.498297497164458036e-04
4.281428991816937923e-04 4.281428991816937923e-04 5.717209960937500000e+03 7.997147083282470703e+00 0.000000000000000000e+00 1.781340106390416622e-04
6.162428762763738632e-04 6.162428762763738632e-04 5.719159667968750000e+03 7.996604919433593750e+00 0.000000000000000000e+00 2.161081938538700342e-04
3.771043848246335983e-04 3.771043848246335983e-04 5.719715820312500000e+03 7.997807025909423828e+00 0.000000000000000000e+00 1.423681242158636451e-04
1.492046139901503921e-04 1.492046139901503921e-04 5.723615722656250000e+03 8.000160217285156250e+00 0.000000000000000000e+00 5.869363303645513952e-05
9.922044118866324425e-04 9.922044118866324425e-04 5.711288085937500000e+03 7.991493225097656250e+00 0.000000000000000000e+00 5.616303533315658569e-04
2.319206250831484795e-03 2.319206250831484795e-03 5.701607910156250000e+03 7.991054058074951172e+00 0.000000000000000000e+00 1.700778608210384846e-03
1.748581853462383151e-04 1.748581853462383151e-04 5.721169433593750000e+03 7.998504161834716797e+00 0.000000000000000000e+00 4.019066909677349031e-05
6.916077836649492383e-05 6.916077836649492383e-05 5.722842285156250000e+03 7.999502182006835938e+00 0.000000000000000000e+00 1.464209071855293587e-05
1.163614942925050855e-04 1.163614942925050855e-04 5.723402343750000000e+03 7.999190330505371094e+00 0.000000000000000000e+00 2.910558032453991473e-05
1.569444575579836965e-04 1.569444575579836965e-04 5.722471191406250000e+03 7.998965740203857422e+00 0.000000000000000000e+00 3.492765245027840137e-05
5.972781218588352203e-04 5.972781218588352203e-04 5.718467285156250000e+03 7.997929573059082031e+00 0.000000000000000000e+00 1.703871239442378283e-04
4.699292767327278852e-04 4.699292767327278852e-04 5.717392089843750000e+03 7.995983123779296875e+00 0.000000000000000000e+00 1.106998679460957646e-04
6.360824336297810078e-04 6.360824336297810078e-04 5.719495117187500000e+03 7.997105121612548828e+00 0.000000000000000000e+00 1.212815113831311464e-04
8.017545769689604640e-05 8.017545769689604640e-05 5.723179687500000000e+03 7.999584197998046875e+00 0.000000000000000000e+00 2.375022995693143457e-05
6.107991794124245644e-04 6.107991794124245644e-04 5.721216308593750000e+03 7.997156143188476562e+00 0.000000000000000000e+00 5.148820491740480065e-05
1.591941923834383488e-03 1.591941923834383488e-03 5.702730468750000000e+03 7.990363121032714844e+00 0.000000000000000000e+00 6.879956927150487900e-04
2.674584393389523029e-04 2.674584393389523029e-04 5.723597167968750000e+03 7.998585700988769531e+00 0.000000000000000000e+00 5.601333032245747745e-05
8.706204971531406045e-05 8.706204971531406045e-05 5.722562011718750000e+03 7.999514102935791016e+00 0.000000000000000000e+00 1.894450542749837041e-05
1.848966785473749042e-04 1.848966785473749042e-04 5.721855957031250000e+03 7.998958587646484375e+00 0.000000000000000000e+00 5.268141467240639031e-05
2.161581214750185609e-04 2.161581214750185609e-04 5.721863769531250000e+03 7.998538017272949219e+00 0.000000000000000000e+00 4.306502887629903853e-05
2.360107173444703221e-04 2.360107173444703221e-04 5.720432617187500000e+03 7.998403072357177734e+00 0.000000000000000000e+00 1.102753885788843036e-04
5.104036536067724228e-04 5.104036536067724228e-04 5.719186035156250000e+03 7.997513294219970703e+00 0.000000000000000000e+00 1.836431765696033835e-04
3.590826818253844976e-04 3.590826818253844976e-04 5.720802734375000000e+03 7.997982025146484375e+00 0.000000000000000000e+00 1.348760415567085147e-04
4.982028040103614330e-04 4.982028040103614330e-04 5.716796875000000000e+03 7.996947288513183594e+00 0.000000000000000000e+00 1.201150516862981021e-04
2.559618442319333553e-04 2.559618442319333553e-04 5.723175292968750000e+03 7.998489379882812500e+00 0.000000000000000000e+00 5.977279215585440397e-05
5.435912753455340862e-04 5.435912753455340862e-04 5.717904785156250000e+03 7.996805191040039062e+00 0.000000000000000000e+00 2.925908192992210388e-04
4.070113063789904118e-04 4.070113063789904118e-04 5.720224609375000000e+03 7.998546600341796875e+00 0.000000000000000000e+00 1.396891020704060793e-04
3.056166460737586021e-04 3.056166460737586021e-04 5.721812500000000000e+03 7.998317718505859375e+00 0.000000000000000000e+00 9.871104703051969409e-05
2.326648973394185305e-04 2.326648973394185305e-04 5.721470703125000000e+03 7.998935222625732422e+00 0.000000000000000000e+00 5.199440784053876996e-05
1.649298501433804631e-04 1.649298501433804631e-04 5.722516113281250000e+03 7.999232292175292969e+00 0.000000000000000000e+00 4.110572626814246178e-05
6.494647823274135590e-04 6.494647823274135590e-04 5.718159179687500000e+03 7.996447086334228516e+00 0.000000000000000000e+00 1.960251538548618555e-04
1.993496553041040897e-04 1.993496553041040897e-04 5.720990234375000000e+03 7.998499393463134766e+00 0.000000000000000000e+00 5.935585068073123693e-05
5.086669116280972958e-04 5.086669116280972958e-04 5.718622558593750000e+03 7.997340679168701172e+00 0.000000000000000000e+00 1.748761860653758049e-04
4.161119868513196707e-04 4.161119868513196707e-04 5.721702148437500000e+03 7.998096466064453125e+00 0.000000000000000000e+00 1.090422156266868114e-04
2.685602230485528708e-04 2.685602230485528708e-04 5.719429687500000000e+03 7.998031139373779297e+00 0.000000000000000000e+00 8.883277769200503826e-05
2.209802914876490831e-04 2.209802914876490831e-04 5.721559570312500000e+03 7.998312473297119141e+00 0.000000000000000000e+00 9.538231824990361929e-05
6.300052045844495296e-04 6.300052045844495296e-04 5.718728027343750000e+03 7.996982097625732422e+00 0.000000000000000000e+00 1.422187342541292310e-04
1.902510848594829440e-04 1.902510848594829440e-04 5.723898437500000000e+03 7.999414443969726562e+00 0.000000000000000000e+00 7.061617361614480615e-05
4.654253134503960609e-04 4.654253134503960609e-04 5.718699218750000000e+03 7.997625350952148438e+00 0.000000000000000000e+00 1.868720864877104759e-04
2.199839946115389466e-04 2.199839946115389466e-04 5.721394531250000000e+03 7.998077392578125000e+00 0.000000000000000000e+00 8.075021469267085195e-05
2.834266924764961004e-04 2.834266924764961004e-04 5.721422851562500000e+03 7.998024940490722656e+00 0.000000000000000000e+00 7.018705946393311024e-05
6.828504847362637520e-04 6.828504847362637520e-04 5.716423339843750000e+03 7.996463298797607422e+00 0.000000000000000000e+00 1.649948681006208062e-04
1.105615447158925235e-04 1.105615447158925235e-04 5.723340332031250000e+03 7.999160289764404297e+00 0.000000000000000000e+00 2.943418621725868434e-05
3.099498571828007698e-04 3.099498571828007698e-04 5.721347656250000000e+03 7.998222351074218750e+00 0.000000000000000000e+00 5.584309110417962074e-05
1.905036333482712507e-04 1.905036333482712507e-04 5.722853515625000000e+03 7.999371051788330078e+00 0.000000000000000000e+00 6.476516136899590492e-05
1.057605026289820671e-03 1.057605026289820671e-03 5.712502929687500000e+03 7.995349407196044922e+00 0.000000000000000000e+00 3.713537880685180426e-04
6.777920061722397804e-04 6.777920061722397804e-04 5.716291992187500000e+03 7.995573997497558594e+00 0.000000000000000000e+00 2.361555671086534858e-04
1.784835330909118056e-04 1.784835330909118056e-04 5.722882324218750000e+03 7.998830795288085938e+00 0.000000000000000000e+00 7.204607391031458974e-05
5.558319389820098877e-05 5.558319389820098877e-05 5.723255371093750000e+03 7.999305725097656250e+00 0.000000000000000000e+00 1.735372643452137709e-05
9.751568723004311323e-05 9.751568723004311323e-05 5.724664550781250000e+03 7.999866962432861328e+00 0.000000000000000000e+00 3.732872573891654611e-05
2.080677950289100409e-04 2.080677950289100409e-04 5.721078613281250000e+03 7.998596668243408203e+00 0.000000000000000000e+00 6.077618309063836932e-05
2.910757903009653091e-04 2.910757903009653091e-04 5.720276367187500000e+03 7.998379707336425781e+00 0.000000000000000000e+00 7.665923476452007890e-05
1.114687183871865273e-03 1.114687183871865273e-03 5.718796386718750000e+03 7.996175289154052734e+00 0.000000000000000000e+00 2.245427604066208005e-04
2.522651106119155884e-03 2.522651106119155884e-03 5.698966308593750000e+03 7.984951019287109375e+00 0.000000000000000000e+00 1.050497754476964474e-03
1.350396196357905865e-04 1.350396196357905865e-04 5.720494140625000000e+03 7.998127937316894531e+00 0.000000000000000000e+00 5.533043076866306365e-05
3.915429624612443149e-05 3.915429624612443149e-05 5.723796875000000000e+03 7.999802112579345703e+00 0.000000000000000000e+00 1.465294099034508690e-05
4.456772876437753439e-05 4.456772876437753439e-05 5.723323730468750000e+03 7.999457836151123047e+00 0.000000000000000000e+00 1.630693623155821115e-05
4.559932131087407470e-05 4.559932131087407470e-05 5.723591796875000000e+03 7.999843597412109375e+00 0.000000000000000000e+00 1.496130244049709290e-05
1.242188591277226806e-04 1.242188591277226806e-04 5.723430175781250000e+03 7.999302387237548828e+00 0.000000000000000000e+00 5.010483437217772007e-05
2.514497027732431889e-04 2.514497027732431889e-04 5.720565429687500000e+03 7.996331691741943359e+00 0.000000000000000000e+00 5.973018778604455292e-05
1.248731743544340134e-03 1.248731743544340134e-03 5.710043457031250000e+03 7.995214939117431641e+00 0.000000000000000000e+00 6.053378456272184849e-04
5.470883843372575939e-05 5.470883843372575939e-05 5.723777343750000000e+03 7.999843120574951172e+00 0.000000000000000000e+00 1.966337913472671062e-05
4.834186620428226888e-05 4.834186620428226888e-05 5.723685546875000000e+03 7.999637126922607422e+00 0.000000000000000000e+00 1.763824730005580932e-05
